0.52361202171240561754  0.26288709615491662186
0.38438569073769529583  0.50122903357317161177
0.32564097844326916897  0.49151689395844794239
0.45396721710170023778  0.40970177269061180958
0.40330322757517139687  0.99830783670689349218
0.29518051598927963486  0.62448440893762013904
0.54562877330259829112  0.83296823773205663777
0.31946215001841177239  0.82315344355215946948
0.18196614514196576828  0.21185704423666792962
0.40500804754207286873  0.5592405332993904965
0.0075328853016406694884  0.29111936376016556149
0.46028521911254394183  0.063103110093205752595
0.28915576836520606729  0.21456375309013003827
0.38621235051481628275  0.86690670711309958385
0.71553440984130578517  0.16050645483681300063
0.42339355099172965025  0.94607234929971040227
0.44730138287288201404  0.23914643108805008764
0.73066332504649800228  0.80777924219508623338
0.21748101442003670014  0.7729423613161511275
0.77125019802304461969  0.18463054168253695275
0.8091149506201571473  0.62078424199520809701
0.45375247926160344747  0.066430713546662925606
0.88958415709882232569  0.35474372392275543842
0.56660076815942339579  0.77321462928001516435
0.33245516211374437354  0.071550302240788149488
0.36266966600095373874  0.97160881616715755182
0.034711925794701989356  0.33998804788104630692
0.5545518009711764007  0.82295488511349768057
0.68986159176093597711  0.32386769415990807053
0.48437414899672109891  0.94076415148599268345
0.88683650032004179842  0.40539600113658047498
0.64454243269029187768  0.90776770045411203647
0.71554694218353687152  0.33413788272726252515
0.10708024404341366653  0.37520575727112859266
0.55983629941932688823  0.93302795660357362717
0.55381219813312043687  0.87833044206645827234
0.94476115561312112856  0.36895124957382269271
0.72369497349657818663  0.0075646769290625475932
0.78077930620907776138  0.83434531271194356528
0.90589561495273174252  0.29029574165600152691
0.26190455735749779143  0.11323446785716081986
0.45322251573820715453  0.26856528048802413844
0.091520165135860517824  0.29661648315219973915
0.62048417731210780968  0.0077743162437222505801
0.94853846772971495138  0.78138175689679656433
0.18677775756771572424  0.10485832630882893635
0.012626026297279645608  0.8353749680497567498
0.16951285031135793213  0.83132019025800762968
0.20652594752913616682  0.72817296848081658478
0.66120092461872892464  0.27659309435477158479
0.15492353595556856982  0.76636224694846299954
0.13531349605662446045  0.21501312228618801869
0.22257779921525056022  0.099684691568689740016
0.93403000428063331917  0.85900847001886393439
0.14930421120920414624  0.003357104958667003064
0.11659157281582782639  0.83992561876770366336
0.10849089879006654225  0.41120876856670190991
0.70782525171890164906  0.56981408901969632375
0.57758840526341848065  0.20001106392592707395
0.98139282082272361052  0.32830942856534822694
