0.98999999999999999111822  0.50000000000000000000000
0.97274558325770521527431  0.62244508325983149976679
0.92576565337418248446966  0.73578993336687736892543
0.85189997088074576048200  0.83383024878587286288223
0.75613135374555828782661  0.90998373401970589213761
0.64457965473472034201308  0.95957704378468511308142
0.52542025842468509377881  0.97948219203294550894157
0.40530355107405297010459  0.96907091393911848342668
0.29150051716337188612016  0.92892769021910170934575
0.19217018049782713662310  0.86215779391083890992320
0.11270707019401887682974  0.77276080938523250551953
0.05833710460666602370949  0.66677900451966398698289
0.03224027049919303555825  0.55078840798821981916689
0.03593934652051372635739  0.43266690285970482721112
0.06895763707746555004618  0.31942871208242745728612
0.12933796000523584135422  0.21797051765353270269543
0.21293555707735711823858  0.13522283685783142992420
0.31397969379823120750217  0.07642937259432047714114
0.42623465965982265668544  0.04488313849924652210177
0.54175701749307747512319  0.04240212456289849107804
0.65438212388301764121934  0.06885957261917352578706
0.75590066415274503874855  0.12208889862879235277404
0.84087330531917947595844  0.19883075257713961336847
0.90376517254063426509703  0.29390231509914843677223
0.94103980753807325854154  0.40201577680444267048898
0.95002077097285653195513  0.51490358360252419522851
0.93058967520980628851390  0.62635827137498578665031
0.88426103045067927510559  0.72882226255031246076044
0.81413186337289267235917  0.81621002521377805649649
0.72390019708365516137860  0.88366240626313097283884
0.62080926172285855191291  0.92591410653617445269958
0.51048719905654948991724  0.94109665186977808915003
0.39989434262327577807028  0.92818516838709430594179
0.29664304886950360051756  0.88820860952899982621034
0.20723823348580083791859  0.82412282409011328176973
0.13667494723927503530447  0.73973689050173108139319
0.08967307497746418443185  0.64083029017166315277620
0.06895936964800819524157  0.53371097356600627481527
0.07573875755033571133268  0.42467067711024603093861
0.10925660379048740544761  0.32184316290947379002318
0.16748851074139664563134  0.23053207681489185087997
0.24626386920068682462315  0.15713004907673189247674
0.34080814386105517943548  0.10582607606154881274563
0.44444862793491801689072  0.07998720591007840718945
0.55141496836973191708609  0.08090217028232260521037
0.65378390190069479714907  0.10829226631335758801455
0.74583540175512896830412  0.16021264860324752055121
0.82206579685944580759838  0.23358263357709330154677
0.87733432204458616787690  0.32351913025569334347864
0.90799977460673186868689  0.42323470212382141575347
0.91280789438076048725179  0.52800529603653179044898
0.89137613607345567157125  0.62986584078473473180537
0.84556488236588056572884  0.72243847003421413077717
0.77830153813979430221792  0.80050538901066525809824
0.69356886595862654587563  0.85938180358165561223416
0.59689783909118898641566  0.89510957071050278877067
0.49525324293300615474678  0.90541630980758291968868
0.39487249542915692224199  0.89015996584415324477391
0.30180028412959453154585  0.85056042504070650256409
0.22145633508264100930418  0.78895628691192554171607
0.15946721393330132166000  0.70984201877366315258655
0.11919941070841527652746  0.61793399475719623659131
0.10313221253685928013866  0.51849359349066059809985
0.11249851205841632229010  0.41860950644630334771534
0.14648687042157521043251  0.32463403965229531422665
0.20238609928725553865902  0.24289927429904245581582
0.27686899298182066075924  0.17775085118158201469285
0.36482390254499386106346  0.13349821658952609748638
0.46109041535914463416646  0.11263281379605050158688
0.55894314126946731402512  0.11650150757443433757743
0.65254520960210493640830  0.14466870186076807858200
0.73573024071560855219332  0.19511731054993131095898
0.80314182120978172552128  0.26414864299453677531915
0.85124991206627165230003  0.34784973606821023572877
0.87691541339603429339178  0.44106734472036057681521
0.87836110210067919190635  0.53741533227861015831195
0.85572733155020586082173  0.63053909795988627440266
0.81088077184029538901910  0.71440025026764220061892
0.74643034991005208222958  0.78447295535937211496957
0.66683548326410813089637  0.83595184512680376087701
0.57745727188280038255641  0.86571774913821342156695
0.48348380376922217571689  0.87220168239977313717759
0.39165832777070991310708  0.85515220400135094624972
0.30704253822001081886128  0.81576710183610967597190
0.23490507650657560523300  0.75640365099709849783238
0.18017271459969536051560  0.68113969567758714251937
0.14629201880231601506921  0.59529354707817550007576
0.13494034999318382794797  0.50411140832072454109891
0.14677950562763836250824  0.41269541949930266255819
0.18082174019211133542129  0.32789694815438524821971
0.23497265074778678206613  0.25430067411205725669276
0.30579101755071969037658  0.19666860400451091628327
0.38821289528535884993943  0.15888996627502038894164
0.47722444080084425177546  0.14297768956252576710853
0.56725827302613918146079  0.14986133791600581011139
0.65206203452776057005735  0.17884456218182748221679
0.72701756285645358079961  0.22819970198420647111703
0.78671485235767080190783  0.29418113002359869145863
0.82804227543099551134276  0.37305427034060922864001
0.84819719329020526465968  0.45936173185770268201367
0.84608259516041994796609  0.54786457418307232813959
0.82205430748363861326311  0.63237150563735733399540
0.77796208277267875352834  0.70775185713840027545984
0.71618482941588923473830  0.76995545122241826341281
0.64105050075174063728412  0.81449980776388009040545
0.55808334711017992812998  0.83857153111025806158096
0.47139806813325091372491  0.84116077013648871130158
0.38731442021557610511096  0.82205659538691411292177
0.31109437849214888194282  0.78275118690523814990456
0.24721532980671850898702  0.72572958868691650469174
0.19992712735097412091179  0.65503494258525607474297
0.17176242303832933711050  0.57463579603486547586755
0.16465699150880458434543  0.49043401235675809779480
0.17876411778177742073481  0.40729006101910242287900
0.21298132800777269668657  0.33072446656602549897030
0.26500283978659244787934  0.26534783166481090699307
0.33151062041590062534624  0.21512623343010123244667
0.40840416818064517734399  0.18311929791654091292941
0.49046428910471251416681  0.17139892366134784618126
0.57237508540124726330589  0.18046469438731072010285
0.64972313332286146803085  0.20982724479981657017547
0.71651194967406772740048  0.25705766186745526713509
0.76927225018130140909989  0.31923256545285277896440
0.80486901792454168536040  0.39262164068295402064024
0.82096069294256446280400  0.47252154978188765088731
0.81650567711809496351805  0.55380835182923593418280
0.79188324855491598608381  0.63107409940333469844376
0.74892933075406720178080  0.69929925229829126287484
0.69065344959125418711210  0.75426693258893595661618
0.62046828404540077528395  0.79292803382745513651741
0.54339760504073109093071  0.81266549094564100030880
0.46416699331839517128628  0.81254957717442288789300
0.38777359358773877406890  0.79276131411857431174894
0.31873144637340078411114  0.75452480158289703116026
0.26181193247224454623279  0.70062224740957512736372
0.22029831297867707995408  0.63452109511044607614849
0.19654855111460206584795  0.55997251578944129413173
0.19221582927010277819235  0.48258467980171976252635
0.20739473963918481080881  0.40632073450390648883257
0.24083015196149520908975  0.33694109297755958642995
0.29064969335281687357053  0.27796952583023715188659
0.35299169312868539094552  0.23375618854160351567373
0.42478053522344133563493  0.20637506593948951039152
0.50020456786645028923743  0.19791707591092000395605
0.57545086932752131936297  0.20854495600502231944517
0.64518712649993503749357  0.23741960401001477309890
0.70536269730880551964702  0.28263639085307246112677
0.75243090631592246531056  0.34158120057153729121069
0.78310470861124181762847  0.41016253690866044667729
0.79557762981150692560561  0.48393403018918318414521
0.78916544370752972348271  0.55845350181772279718473
0.76444107988327925085059  0.62852073482379966495870
0.72305193994750860397858  0.69003065742448965735889
0.66815959960143822549128  0.73876191508389221773712
0.60305710459506700615862  0.77219317364388706526057
0.53164224497755507847785  0.78833578229486400701376
0.45902433155533306496920  0.78616859504168679073643
0.38947201412963722289007  0.76606686092793907505438
0.32724327076691683835463  0.72935444532825632890649
0.27618331448934152483332  0.67832148690918048217213
0.23951019222378039374988  0.61612657622719446681714
0.21969576470279617019798  0.54713215735836973063755
0.21778316882529091813581  0.47548785458572928597221
0.23366014663920064986513  0.40635588268205946604894
0.26617058712616759041936  0.34349905791899093543407
0.31359626634490200824956  0.29050391040018785915322
0.37211338174712593751536  0.25150493066802526165304
0.43874656778805531942567  0.22829022584398755979507
0.50830209175351126482667  0.22253611440855253222892
0.57744983503789670820083  0.23441172778004143451014
0.64062159106955951504148  0.26283939421266011571277
0.69494821444437682167461  0.30634506157631002931652
0.73620852437688300007324  0.36142335377749013058946
0.76236204577000044046997  0.42477729345806336525015
0.77192216696471449566275  0.49304386726379639815931
0.76412305610753450402228  0.56107539767270386832365
0.73976729612698233218282  0.62452847230284291857316
0.70051228828425216033082  0.67971745450086373807608
0.64879423625728671609636  0.72332706776880328902735
0.58770174132885200091181  0.75266097267018849947817
0.52149024873414628888924  0.76567849742972837745469
0.45466011319838806059579  0.76174830136589233298139
0.39102336648202934421548  0.74128030465569816342963
0.33470248166068616857416  0.70566050626349907659574
0.28928419706392238808235  0.65731805802874065935981
0.25743035366525590657005  0.59921622857137468720623
0.24124483418963382774791  0.53558894873962159532965
0.24143965548850571112283  0.46987699625846623963099
0.25805223026484824799809  0.40637701665017617047582
0.28976431833240595681289  0.34949696382059441956969
0.33485183085864578256263  0.30219816246412684046518
0.38994197810346609145427  0.26796760063955638031530
0.45182320054134267328649  0.24863147621309672485879
0.51627451234295995696755  0.24544035421730275858820
0.57918455523030676346252  0.25842891045370880442889
0.63633026609688347896565  0.28644646230657699881306
0.68485417225793576712078  0.32799070507255451145667
0.72132583879506062540798  0.38023664480571711665746
0.74347257910656228130364  0.43981266466996504771458
0.74993901286507036463291  0.50279368663628198898863
0.74044127623783362324161  0.56514652420159539047972
0.71565222849483256517544  0.62301136317371574868673
0.67736118617931295737833  0.67252568474310381319015
0.62797019551923061175813  0.71079126257218483431188
0.57070494842707586435893  0.73537235538242295973532
0.50950510452761887947304  0.74474836211919748230059
0.44821632100749425609010  0.73854994520204442221001
0.39079834538517788100620  0.71739565200192545457725
0.34032379150950065049841  0.68245638703386779511106
0.30033615585147699356128  0.63610590870698735521671
0.27351230361285000514115  0.58185419402000881916592
0.26104400089680851460017  0.52248971203299521270935
0.26378216154170508467303  0.46233706295195303725976