0.541373  0.984176

0.523262  0.318436

0.689258  0.00564416

0.637374  0.0938112

0.607355  0.674574

0.400199  0.123806

0.955734  0.10028

0.692185  0.891193

0.400187  0.404201

0.180605  0.0442152

0.0747579  0.0557488

0.380207  0.20401

0.700922  0.71835

0.354961  0.201119

0.37294  0.750027

0.734202  0.753351

0.0717866  0.914313

0.919957  0.257464

0.351275  0.761044

0.435618  0.557331

0.681137  0.958631

0.058911  0.835818

0.727011  0.636871

0.0410721  0.751096

0.795311  0.127198

0.182947  0.221677

0.425687  0.870069

0.588419  0.563154

0.764273  0.12661

0.876636  0.94338

0.69673  0.137213

0.0515266  0.610839

0.868303  0.768517

0.529562  0.971484

0.528815  0.219578

0.178209  0.96518

0.800998  0.209952

0.846823  0.23712

0.988216  0.528008

0.655206  0.887895

0.109572  0.783527

0.653596  0.838153

0.401307  0.53526

0.661869  0.242014

0.185394  0.16558

0.302794  0.538506

0.149344  0.882125

0.650642  0.35432

0.325804  0.0176472

0.237226  0.180203

0.145383  0.854619

0.0645717  0.415434

0.652554  0.946381

0.474389  0.911395

0.79929  0.64077

0.424297  0.129596

0.967749  0.908862

0.444121  0.0778923

0.319907  0.369056

0.534636  0.105991

